16 1130
[0, [1, 1.1475353240966797], 0], [0, 1, 0]
[1, [6, 17.08778667449951], 1], [1, 6, 1]
[2, [2, 1.4649038314819336], 2], [2, 22, 2]
[3, [3, 1.1205549240112305], 2], [3, 22, 2]
[4, [2, 1.5169286727905273], 2], [4, 22, 2]
[5, [2, 0.3481559753417969], 3], [5, 8, 3]
[6, [8, 0.7771739959716797], 4], [6, 1, 4]
[7, [4, 1.0117816925048828], 5], [7, 5, 5]
[8, [3, 0.8368616104125977], 6], [8, 3, 6]
[9, [2, 1.6096596717834473], 7], [9, 2, 7]
[10, [1, 4.184788703918457], 8], [10, 1, 8]
[11, [2, 6.327707290649414], 9], [11, 2, 9]
[12, [0, 5.868653297424316], 10], [12, 0, 10]
[13, [8, 3.9327311515808105], 11], [13, 22, 11]
[14, [8, 2.602358818054199], 12], [14, 8, 12]
[15, [1, 1.6289606094360352], 13], [15, 1, 13]
Start re-label
[0, 1, 0], [0, 1, 0]
[1, 6, 1], [1, 6, 1]
[2, 2, 2], [2, 22, 2]
[3, 2, 2], [3, 22, 2]
[4, 2, 2], [4, 22, 2]
[5, 2, 3], [5, 8, 3]
[6, 8, 4], [6, 1, 4]
[7, 4, 5], [7, 5, 5]
[8, 3, 6], [8, 3, 6]
[9, 2, 7], [9, 2, 7]
[10, 1, 8], [10, 1, 8]
[11, 2, 9], [11, 2, 9]
[12, 0, 10], [12, 0, 10]
[13, 8, 11], [13, 22, 11]
[14, 8, 12], [14, 8, 12]
[15, 1, 13], [15, 1, 13]
Metric accuracy: 91.40625 %
