30 1317
31 0905
33 1239
31 1028
27 0189
37 0152
43 1069
99 0039
62 0944
46 0785
44 0588
36 0218
76 0642
31 0109
43 1075
46 0663
39 1401
33 1538
31 0353
52 0675
43 0494
50 0057
32 0245
37 0302
38 0429
56 1330
32 1326
24 0519
25 0854
46 0316
34 0742
69 0382
59 0819
47 0090
52 1368
132 0792
42 0311
46 0744
47 1001
37 0385
47 1153
42 1506
29 0963
91 0880
43 0964
31 1079
41 1214
46 1490
37 0579
62 1398
73 0691
34 0715
17 0354
45 1383
61 1175
51 0299
26 0322
35 0100
19 1068
40 0605
28 0684
52 1348
59 1248
32 0576
35 1500
23 0338
31 0969
17 1494
50 0406
42 1551
68 0668
46 0670
48 0325
72 1025
46 0534
52 1199
34 0127
18 1544
16 1130
23 0075
40 0438
30 0021
80 0278
23 1328
33 0516
49 1489
85 0528
41 0635
51 0141
32 1185
40 0190
20 0076
51 1268
58 1409
68 0383
26 0800
34 1167
35 0957
15 0038
26 0010
26 0165
28 0569
50 0660
55 1218
44 0941
21 0115
31 1203
26 0490
44 1388
62 0297
35 0870
59 0583
57 0564
41 0453
57 0308
42 0990
32 0850
34 0181
34 0431
56 0444
52 0575
47 0629
19 0028
31 0496
20 1566
33 1210
40 0157
26 0270
24 0011
48 0420
33 1041
42 1436
60 1177
32 0709
44 0541
48 1027
22 0809
26 1400
39 0506
52 1485
32 0986
67 0336
76 1207
53 1404
29 0966
20 0097
32 1160
66 1050
41 0778
31 0375
57 1103
64 0203
47 1169
50 1488
33 1479
66 1184
52 0681
45 0502
