parameters: 
batch_size = 1
shuffle_train = False
num_workers = 6
epoch = 20

Start training, 2023-07-06 15:53:12.043983
epoch # 1 done, 2023-07-06 16:09:20.709073
epoch # 2 done, 2023-07-06 16:25:38.504016
val # 2 done, 2023-07-06 16:32:06.948199
epoch # 3 done, 2023-07-06 16:48:20.439817
epoch # 4 done, 2023-07-06 17:04:48.177888
val # 4 done, 2023-07-06 17:11:10.406584
epoch # 5 done, 2023-07-06 17:27:31.210136
epoch # 6 done, 2023-07-06 17:43:52.519524
val # 6 done, 2023-07-06 17:50:15.822209
epoch # 7 done, 2023-07-06 18:06:32.928555
epoch # 8 done, 2023-07-06 18:22:55.921716
val # 8 done, 2023-07-06 18:29:18.052857
epoch # 9 done, 2023-07-06 18:45:41.490426
epoch # 10 done, 2023-07-06 19:02:05.527868
val # 10 done, 2023-07-06 19:08:29.997633
epoch # 11 done, 2023-07-06 19:24:38.063284
epoch # 12 done, 2023-07-06 19:40:59.108322
val # 12 done, 2023-07-06 19:47:22.877134
epoch # 13 done, 2023-07-06 20:03:40.221100
epoch # 14 done, 2023-07-06 20:20:50.981556
val # 14 done, 2023-07-06 20:27:23.406901
epoch # 15 done, 2023-07-06 20:43:38.609925
epoch # 16 done, 2023-07-06 20:55:02.125577
val # 16 done, 2023-07-06 21:01:05.100845
epoch # 17 done, 2023-07-06 21:16:51.489381
epoch # 18 done, 2023-07-06 21:25:10.118637
val # 18 done, 2023-07-06 21:31:13.139594
epoch # 19 done, 2023-07-06 21:43:00.090001
epoch # 20 done, 2023-07-06 21:53:52.746373
val # 20 done, 2023-07-06 21:59:55.257417
              precision    recall  f1-score   support

           1       0.00      0.00      0.00        49
           2       0.00      0.00      0.00        51
           3       0.00      0.00      0.00        46
           4       0.00      0.00      0.00        42
           5       0.00      0.00      0.00        42
           6       0.00      0.00      0.00        32
           7       0.00      0.00      0.00        23
           8       0.00      0.00      0.00        23
           9       0.00      0.00      0.00        27
          10       0.00      0.00      0.00        14
          11       0.00      0.00      0.00        23
          12       0.00      0.00      0.00         4
          13       0.00      0.00      0.00         1
          14       0.00      0.00      0.00         1
          20       0.00      0.00      0.00         0
          21       0.00      0.00      0.00         0
          26       0.00      0.00      0.00         0
          27       0.00      0.00      0.00         0
          28       0.00      0.00      0.00         0
          29       0.00      0.00      0.00         0
          32       0.00      0.00      0.00         0
          34       0.00      0.00      0.00         0
          36       0.00      0.00      0.00         0
          37       0.00      0.00      0.00         0
          38       0.00      0.00      0.00         0
          41       0.00      0.00      0.00         0
          43       0.00      0.00      0.00         0
          44       0.00      0.00      0.00         0
          47       0.00      0.00      0.00         0
          49       0.00      0.00      0.00         0
          51       0.00      0.00      0.00         0
          55       0.00      0.00      0.00         0
          59       0.00      0.00      0.00         0
          63       0.00      0.00      0.00         0
          65       0.00      0.00      0.00         0
          71       0.00      0.00      0.00         0
          72       0.00      0.00      0.00         0
          76       0.00      0.00      0.00         0
          77       0.00      0.00      0.00         0
          80       0.00      0.00      0.00         0
          81       0.00      0.00      0.00         0
          84       0.00      0.00      0.00         0
          90       0.00      0.00      0.00         0
          92       0.00      0.00      0.00         0
          94       0.00      0.00      0.00         0
          96       0.00      0.00      0.00         0
          97       0.00      0.00      0.00         0
          99       0.00      0.00      0.00         0
         101       0.03      0.01      0.01       357
         102       0.00      0.00      0.00       321
         103       0.05      0.00      0.01       337
         104       0.05      0.02      0.02       307
         105       0.00      0.00      0.00       299
         106       0.00      0.00      0.00       292
         107       0.00      0.00      0.00       300
         108       0.00      0.00      0.00       292
         109       0.00      0.00      0.00       237
         110       0.00      0.00      0.00       227
         111       0.00      0.00      0.00       196
         112       0.00      0.00      0.00       179
         113       0.00      0.00      0.00       147
         114       0.00      0.00      0.00       140
         115       0.00      0.00      0.00       127
         116       0.00      0.00      0.00       114
         117       0.00      0.00      0.00        99
         118       0.00      0.00      0.00        68
         119       0.00      0.00      0.00        77
         120       0.00      0.00      0.00        58
         121       0.00      0.00      0.00        40
         122       0.00      0.00      0.00        25
         123       0.00      0.00      0.00        26
         124       0.00      0.00      0.00        19
         125       0.00      0.00      0.00        15
         126       0.00      0.00      0.00        13
         127       0.00      0.00      0.00         7
         128       0.00      0.00      0.00         8
         129       0.00      0.00      0.00        11
         130       0.00      0.00      0.00         2
         131       0.00      0.00      0.00         1
         133       0.00      0.00      0.00         0
         134       0.00      0.00      0.00         0
         141       0.00      0.00      0.00         0
         145       0.00      0.00      0.00         0
         152       0.00      0.00      0.00         0
         154       0.00      0.00      0.00         0
         163       0.00      0.00      0.00         0
         164       0.00      0.00      0.00         0
         167       0.00      0.00      0.00         0
         168       0.00      0.00      0.00         0
         172       0.00      0.00      0.00         0
         173       0.00      0.00      0.00         0
         175       0.00      0.00      0.00         0
         177       0.00      0.00      0.00         0
         181       0.00      0.00      0.00         0
         183       0.00      0.00      0.00         0
         190       0.00      0.00      0.00         0
         192       0.00      0.00      0.00         0
         193       0.00      0.00      0.00         0
         199       0.00      0.00      0.00         0
         201       0.00      0.00      0.00       163
         202       0.00      0.00      0.00       161
         203       0.00      0.00      0.00       168
         204       0.00      0.00      0.00       157
         205       0.00      0.00      0.00       147
         206       0.00      0.00      0.00       140
         207       0.00      0.00      0.00       147
         208       0.00      0.00      0.00       142
         209       0.00      0.00      0.00       128
         210       0.02      0.19      0.03       121
         211       0.00      0.00      0.00        91
         212       0.00      0.00      0.00        76
         213       0.00      0.00      0.00        63
         214       0.00      0.00      0.00        48
         215       0.00      0.00      0.00        32
         216       0.00      0.00      0.00        26
         217       0.00      0.00      0.00        19
         218       0.01      0.09      0.02        23
         219       0.00      0.00      0.00         4
         220       0.00      0.00      0.00         1
         225       0.00      0.00      0.00         0
         226       0.00      0.00      0.00         0
         230       0.00      0.00      0.00         0
         232       0.00      0.00      0.00         0
         233       0.00      0.00      0.00         0
         235       0.00      0.00      0.00         0
         237       0.00      0.00      0.00         0
         238       0.00      0.00      0.00         0
         239       0.00      0.00      0.00         0
         242       0.00      0.00      0.00         0
         243       0.00      0.00      0.00         0
         247       0.00      0.00      0.00         0
         248       0.00      0.00      0.00         0
         251       0.00      0.00      0.00         0
         252       0.00      0.00      0.00         0
         261       0.00      0.00      0.00         0
         266       0.00      0.00      0.00         0
         277       0.00      0.00      0.00         0
         279       0.00      0.00      0.00         0
         284       0.00      0.00      0.00         0
         285       0.00      0.00      0.00         0
         293       0.00      0.00      0.00         0
         294       0.00      0.00      0.00         0
         296       0.00      0.00      0.00         0
         298       0.00      0.00      0.00         0
         301       0.00      0.00      0.00         8
         302       0.00      0.00      0.00         9
         303       0.00      0.00      0.00         8
         304       0.00      0.00      0.00        12
         305       0.00      0.00      0.00         9
         306       0.00      0.00      0.00         9
         307       0.00      0.00      0.00         4
         308       0.00      0.00      0.00         4
         309       0.00      0.00      0.00        10
         310       0.00      0.00      0.00         6
         311       0.00      0.00      0.00         5
         312       0.00      0.00      0.00         4

    accuracy                           0.01      6664
   macro avg       0.00      0.00      0.00      6664
weighted avg       0.01      0.01      0.00      6664

Finished Training
